10000
10000
20
101
12
3
12000
300
11001
201
30000
10002
1200
11001
21
1012
31
121
11011
11020
20101
21100
1030
13000
10102
21100
21001
31000
1012
40
12100
1201
4000
4
11110
10300
10030
10021
2011
10400
31001
14000
4001
2003
113
11210
3200
3110
10103
10103
10202
12110
212
2030
30020
10040
41
4010
10202
2021
30101
140
20012
20003
32000
10202
2111
10112
10004
10130
11300
30101
12200
21011
11210
5000
4010
23000
21002
420
11400
1005
1023
30300
213
15000
1131
330
11211
22002
12021
20130
20022
12012
21003
3102
20031
1221
132
13101
42
12003
30012
30111
30003
30120
12300
2220
1014
1131
3012
123
30012
10032
30102
13020
303
1041
4101
1320
30102
11211
10041
20040
24
1500
21111
2112
10203
31020
4200
10302
3210
1410
4020
21300
13101
32100
2211
31101
1401
11320
10600
3202
10141
20311
20401
2050
3220
1150
21301
10312
30301
30121
13030
70
22012
241
30211
15100
12040
11221
3220
31102
11014
21301
20320
13210
2140
10411
20122
25000
304
32200
31111
11023
14020
610
1105
11410
11500
5002
304
31003
12121
3022
142
10600
30031
12022
10006
1411
250
6100
13120
10204
4120
205
20050
20050
3400
421
23101
31210
20311
142
13201
30301
403
32020
30103
205
4030
11221
2401
10150
1411
21202
3022
2410
403
700
610
502
20113
31111
3112
20042
21113
3005
13202
20420
21104
3320
13022
1025
35
26
11105
305
16001
3005
3221
20123
21302
13310
1205
5021
530
10700
5030
2222
1106
31121
30104
503
10142
21221
2105
1610
13310
11600
21221
1052
1124
30041
20600
10322
4202
20600
16100
5300
31103
23201
30212
12212
10133
2600
2510
1430
8
6002
25100
800
1340
53
53
10700
1052
15020
71
10016
10430
521
3032
4301
20132
30041
13004
13031
260
22301
31310
5021
16100
5030
2330
11051
21005
5300
1511
31310
30014
23210
2150
16100
440
10142
1052
21113
11420
20204
11231
30320
4112
3212
1124
31004
10106
31022
10223
10313
31202
12500
5021
15002
10106
170
1421
4202
30221
20024
2510
22211
30032
530
4031
20222
1331
2303
2403
90
24300
12420
6300
2232
13041
21033
22005
22032
24120
11502
1215
1206
21006
21033
30231
20403
30402
5202
22104
31302
3123
26010
21411
216
8100
3402
1008
31221
12105
441
10440
10080
23400
10035
90
2061
21321
1620
6003
1206
20016
30033
4410
25011
900
21411
45
10530
20421
11007
20106
11304
2340
6102
4221
23112
3114
12042
3123
702
7011
20340
603
6120
144
1503
23022
333
31041
30510
1710
4041
72
15012
8001
23202
10134
24021
10422
8010
21501
31122
22014
9
2007
630
522
20124
6030
20700
540
1143
12033
12060
31032
225
2322
20502
30114
6300
10350
2700
1620
3240
10341
6021
11430
13401
162
10116
11160
1071
7200
31203
10008
10053
21051
32301
2421
2043
11520
20142
4410
14310
351
21501
11223
11124
1701
20340
21060
21015
12042
5022
20043
20061
13500
12312
216
20142
12222
5220
21132
22050
2151
14022
10350
2403
20070
30303
21330
20601
15012
11511
25020
12600
1017
2016
153
153
621
31230
21321
6003
2520
2223
30132
11052
1071
30231
16002
630
10143
25200
423
31311
10224
32050
21241
13132
31033
15121
3223
14122
17011
2125
13303
1054
11521
361
5131
253
11008
1243
22105
1405
26101
10090
18001
31330
22411
1018
7210
10144
5230
32302
28
4042
10540
1135
11521
6040
235
2800
17110
31060
20710
22015
5320
2242
30160
1405
32203
415
30502
3205
20620
22015
30241
10324
25012
21430
5032
16111
23023
25102
3430
15013
31051
26200
32050
20323
23041
9010
21016
12052
7300
2125
30106
12043
22312
10270
10342
11044
30412
21511
10171
21052
3241
6130
21520
2332
16030
21313
22501
12151
31015
14023
13240
2512
4213
30511
22024
12223
32113
613
20134
15004
21313
4006
20800
10630
32122
13330
1810
15031
11134
4015
2071
22015
15022
26200
20170
10720
5140
14050
3034
21070
3340
22222
73
5032
21025
11620
4402
20170
22501
3232
11431
11080
154
26020
532
32014
10234
424
17011
22033
21025
30313
3106
21115
31321
12133
11224
2305
1009
30106
4141
3700
4321
20224
14140
10405
10180
190
31240
21430
25111
6202
2530
20215
7030
1405
11323
2224
1711
21115
2125
12322
11701
12610
3061
23212
10252
1162
5230
4510
28
1441
10036
11026
20053
13114
5041
9010
20017
12205
253
406
22105
11620
10504
1225
640
31042
4141
32212
2503
20710
1360
3340
11422
4015
2161
11323
11503
1135
2206
4231
24013
20620
11171
31250
20117
22133
30260
12044
18110
1181
1550
20450
4421
32060
10406
13232
16211
24023
15311
22151
731
6050
20432
20333
10127
4313
542
506
26021
22106
11261
1604
6122
227
4313
20135
1280
12503
3251
10415
15140
30422
24122
23231
11342
24014
32060
31115
22421
4322
3323
30080
22214
22070
137
20900
1523
21080
1127
14024
7121
30350
11072
2513
15221
7301
236
2306
4511
11612
1154
5015
22511
2144
5303
11243
452
14015
5312
12008
6500
335
12242
20027
13142
15005
32510
5312
4205
12611
31520
21323
10208
470
5033
5006
5105
20135
22052
31502
23213
20216
10802
30080
20333
21341
30062
12503
20036
3134
3602
137
27200
31601
20072
7301
23015
21710
32051
14231
20072
30134
8120
2018
22070
22313
13142
20333
1028
362
10532
3080
3215
11324
12341
3503
32240
26201
30053
83
11612
2045
24401
26102
11351
1226
21080
22061
10640
24050
13250
1244
16202
32420
21080
3413
3053
6221
20342
11027
25013
5123
1325
821
20315
5402
22142
27110
3611
24221
11630
119
182
650
2702
12413
22322
21143
47
13061
24140
911
31151
5204
20540
1334
6410
22223
22043
20801
30242
3035
1064
12053
1244
13232
12170
1271
16040
11504
15203
11531
2432
24041
371
1118
13331
23024
27101
23105
2270
31034
18011
22133
326
146
245
1802
23501
704
12800
21413
1730
1721
10712
13403
10910
22241
12251
4205
3332
146
21026
7004
4502
31142
21260
14141
24041
18200
2054
24023
65
11333
15023
6140
30323
24230
30044
2900
3161
30323
31313
24320
13124
11153
30080
3080
14600
13502
30503
2702
2621
5033
10820
32501
7103
31322
21350
30503
13043
10163
13007
2324
20531
14015
15032
23105
462
17004
20415
11091
2514
19002
20523
21090
30432
4611
31215
1164
21027
1416
750
318
1731
12351
20280
2082
17022
24114
14025
11514
14241
22233
21072
17040
31503
12081
26040
20253
2280
2622
10443
4404
10425
20604
2244
5610
237
30630
5601
2307
4071
30333
8103
30270
930
21054
25104
29001
14106
32403
435
3162
18012
1146
12054
30522
21702
32133
20073
10560
14520
6231
21081
9102
7221
12027
8400
13143
1056
5340
20514
11271
20433
23340
1731
17103
1443
2406
30144
12306
15141
23061
22431
165
31008
10371
10146
2028
23115
20703
24420
22431
24312
4422
18201
32322
10263
8400
2064
14331
23412
25302
12018
12270
2352
6321
14016
1281
15024
21351
2181
22044
30270
31071
4413
12306
3333
8211
10722
11073
28101
20055
30180
24033
4611
22530
22161
12531
31620
31260
2073
2343
30180
4431
10506
5340
1425
22620
2505
18300
22413
1173
1452
2451
2334
23322
30900
10812
20640
2541
27201
14115
13152
444
21108
13260
13143
1227
22512
8310
24312
20037
6141
31413
23511
1137
30432
57
12324
10506
32304
14007
39
11064
31107
11073
2415
20415
12126
813
3171
138
13161
17103
13611
20631
26031
14700
12423
12360
20307
32340
6204
20136
2208
10344
6411
15411
10713
25023
13341
11262
15132
10542
3063
21414
129
7104
2145
1515
12180
3360
6006
25311
14214
13224
16320
21252
1623
11343
10380
20424
21531
23016
25050
2370
20460
2280
5403
16500
23034
21135
12432
15006
1560
32106
22710
20217
2019
23700
20802
1623
11217
30270
23340
11127
10083
606
831
6204
21153
1920
12027
22332
26031
12036
4413
25032
4521
21630
18300
1344
606
6402
11622
30702
5241
32313
18102
15024
1650
8202
6231
23205
26103
5511
31314
912
10155
32331
25230
13053
17013
20037
30432
10353
12135
22602
24105
2910
32151
552
12504
17103
23061
2154
4305
26112
23043
21234
22233
471
31620
25005
13503
3432
10047
20523
2136
6204
17004
18111
23061
22701
3603
5520
7131
75
3351
10057
8023
3127
28021
30037
1381
3271
15205
13063
175
29200
14611
3145
3055
5053
20128
7213
21163
1084
25042
3640
31522
4009
148
8113
21901
11830
16303
3370
32143
16060
22153
31036
20335
32521
6511
14008
2461
12460
20803
24007
5233
24016
20641
21622
9040
148
12118
17500
11650
4117
23251
1183
16114
12433
24160
1282
20065
10606
26032
25402
5053
21082
12541
32170
1912
67
13171
3523
31441
4324
23332
17032
29011
23224
30703
12073
1543
10282
26140
5161
32080
9220
391
30127
22018
3253
30721
30712
13441
6025
13540
20380
28102
10048
25141
14413
2047
11560
1534
18103
2425
32053
13162
10615
841
11056
13810
30370
1363
1840
20308
31720
2317
31540
292
11128
6421
24232
2650
22225
10291
3244
32701
20236
24115
5044
4711
32152
2641
4414
3217
14080
20722
7303
32404
4441
14413
11146
16600
27103
5251
30523
30145
24241
85
3217
14422
24124
12316
31126
26122
21271
22162
11056
21505
13063
2344
10309
21244
32134
21028
10642
10408
20416
22270
1741
8113
751
11047
30910
1408
11560
5224
32503
17014
7240
940
23017
1570
17401
418
58
3523
1813
10039
1552
6502
12280
4306
11812
16141
32080
850
1516
26203
1615
31270
25411
29011
31450
1219
9310
24052
20326
6133
14161
6340
12136
13207
14341
30118
20461
20416
11191
1048
21136
32611
3154
18121
3163
22405
12019
2452
14512
13117
14062
13063
15304
21109
24403
13612
6430
20731
21433
625
12415
4333
22630
6241
2623
10282
23071
12082
23206
24223
30028
15232
31063
12244
13009
13531
2065
10165
20083
7042
32350
6070
2137
1570
21901
5152
14161
4090
26023
20542
13234
14026
24061
16024
30424
26113
15061
18040
31810
20272
7231
23305
22045
23152
10471
31180
31351
1723
2461
22342
661
16006
5071
5242
10813
20920
10426
24520
14062
6430
229
12361
10309
14035
12181
1903
832
24061
30226
22711
1444
17410
30406
139
742
32224
11425
32143
21028
20191
10264
32071
193
12415
22414
2173
11452
20416
21433
20173
2263
23152
20920
31153
16105
24007
10273
12712
12082
13252
31504
26320
1723
1714
2317
32125
23116
14017
4720
17140
922
15601
21154
4360
6502
28102
2290
12550
11434
1390
12406
6421
20830
5602
15250
16015
30118
11173
13360
1264
16051
9301
3730
22216
12280
20353
21604
10039
2209
23035
20083
11137
10075
22720
1606
25321
30109
21109
1273
31531
17041
25303
4144
481
10075
30316
3154
13261
58
13261
10048
2065
21136
31261
21082
7240
20065
32530
3343
26500
3217
5602
3505
30811
5134
12253
25402
22090
4360
14107
15610
25411
21082
30271
21028
32341
20353
337
10390
24412
11245
26302
4027
24214
553
7321
22171
5035
139
16321
21424
3181
8231
20183
30038
14081
2363
1832
5540
6332
4640
12515
12164
13613
13406
27500
10904
17204
17420
12263
3128
13253
2039
16331
31550
25205
25106
16430
1094
2282
383
5081
1814
10832
31316
17132
32252
16115
13316
20912
7223
11156
30623
4208
5603
22514
11075
22604
7205
15431
30308
608
9320
10670
9122
13163
15314
8213
491
32270
1751
3317
18104
11381
28400
12452
24521
25502
12245
26114
10508
1445
25412
22622
12902
24800
10139
17213
23324
14801
11453
2066
13505
1085
2192
707
6305
12704
1643
10733
18230
12074
13640
15404
1265
11237
21416
1238
2534
14423
25043
2534
14108
25115
24512
617
25331
11471
10382
11156
3227
20057
3335
31127
28220
2264
11192
22640
16070
25610
24701
608
7043
12425
12254
23207
16016
3650
10184
12218
3083
7043
12137
20093
32252
3902
3065
13145
32405
5045
29003
30470
4235
21047
5423
20723
31226
31901
21119
6422
1391
24620
4172
24710
12065
28211
11840
10184
20183
27401
25421
13037
22640
10652
13262
30542
28022
6602
13226
734
12623
27212
23504
30137
30119
30290
14018
26222
28112
17006
25052
15503
4730
30731
27032
21704
13145
10904
20615
6440
12344
9401
2741
6125
20084
11183
22550
11435
12353
4712
6413
25412
6206
20363
8510
13037
22424
31163
5450
23342
16142
12074
3362
437
13361
6008
27302
32612
10193
3092
24314
20426
21632
3902
19103
21920
11714
1157
3434
11462
2435
29102
31505
5180
20714
32108
15350
30614
10805
2732
21713
20183
10481
10238
12623
21425
16061
617
1355
77
32315
31523
29201
20444
13316
23243
18230
32072
6170
23162
22703
26141
32270
2480
31244
3542
4055
10724
20084
25304
11822
10391
10319
12344
5117
21416
15026
26141
32621
1364
24125
6125
4361
32207
1382
4640
2138
32171
4460
5351
23171
26303
8042
20237
15062
25403
1670
23225
21614
1229
10607
12425
2327
2237
12317
15800
581
6341
23072
4802
21605
4901
6611
18140
24620
26150
2183
24350
12911
27005
28301
20903
22316
1454
11192
31361
21083
17501
15026
11903
3425
20633
11408
7016
11417
30335
563
8060
30227
11570
17312
30650
14243
28301
10067
4253
5306
22037
26222
5225
20570
3380
3524
20381
32306
3281
25313
6422
2426
20561
12722
22190
4415
13370
22307
22532
30713
6161
21164
4316
14504
21650
2444
27311
13163
21047
24008
2093
28130
4460
4442
716
20228
11444
1364
30470
20840
30524
3029
17222
14702
32702
13064
1661
31172
22334
14171
14720
30227
4514
24251
23234
22910
32261
30191
31262
26231
17015
15620
24404
8411
24161
3461
5234
24332
23117
32702
5450
11381
1670
23144
15008
21074
4343
10490
11462
14333
14270
30524
8303
905
16052
20066
21641
32018
15017
5513
12038
9023
21119
3164
4721
22361
25502
12920
30245
12155
10940
32702
10382
14360
20183
1472
2516
26321
10823
9023
12722
18032
12083
13028
17222
23216
9050
4208
6602
3830
2651
27401
13037
5621
6431
653
833
32621
24242
2732
28103
13631
6224
13712
248
31622
30209
23630
14144
1436
12290
13460
7511
14063
13910
13730
20741
25061
13208
20381
21263
14522
18023
19022
16250
13163
22604
26411
21911
26312
22910
3281
21290
5108
527
7007
13604
4604
20552
17411
30074
1364
14153
25070
32036
1662
1257
30372
17610
1563
22443
7161
21561
2364
4821
24072
11715
14118
32145
21840
5154
2508
32703
25710
348
15063
29130
4380
1905
8034
26124
2643
4524
11337
10383
6135
19023
3561
20229
26610
32091
23901
20328
10635
20643
3930
13290
24351
6900
32190
20274
5028
13137
30048
30435
30444
4371
5253
11382
25008
19410
20760
11049
15171
21480
23370
7008
19140
5532
5721
31641
12930
3075
28023
2634
7440
8061
24711
19050
24450
8421
17241
4641
13623
7242
10419
14055
14091
15423
6513
13290
13245
12534
16512
9204
12840
31056
22425
10293
4092
31920
2850
456
29130
22056
4623
23154
22290
1338
3822
1608
30174
32019
8124
31812
6270
18060
17421
30309
21291
29301
21219
1662
726
21228
4416
2751
19221
21129
10923
9006
30525
18321
636
22092
31371
31074
6126
6540
26250
10365
366
20652
14442
16800
20643
31443
30183
31065
28221
32136
30336
13290
19104
6153
1293
26160
14523
4434
21174
14631
22704
31920
4704
11508
20454
18114
906
14640
16071
13713
30345
16080
16413
8106
27213
21156
14820
9501
27222
10761
18042
5541
21435
29022
13362
21705
7152
13209
1527
23622
13830
7701
168
20472
555
4605
30066
26412
25530
12570
30750
11373
14145
28410
8421
32271
31173
2463
8313
3084
11427
12525
15072
27006
2814
11544
6450
10635
17322
429
11319
18213
13245
4047
17205
5352
3435
14820
5190
2445
3525
8313
4920
11670
10518
26052
15009
31371
25134
690
12048
5055
32505
16710
3093
25215
21750
12912
24081
12750
5343
18600
32145
30804
32514
31119
24027
2823
10842
32046
13722
2670
2382
15351
159
14019
20418
14730
21930
20193
20805
22371
24171
5820
6702
28212
12714
21183
13632
3264
30624
6504
32361
11238
18060
2094
5820
19203
6621
2661
11652
20580
32235
8610
2742
3192
13452
12129
21138
11058
2085
7125
31065
11094
22290
22830
28050
24405
681
1626
2625
21345
11049
30642
20643
32226
26700
15414
30444
744
31911
17430
30921
11643
32262
14460
22650
12723
19140
30219
1725
16701
3480
20373
14181
1842
17223
3912
15117
2481
12048
13452
1851
14541
14640
31623
7413
28230
16224
21813
20067
474
24090
20328
4182
2094
8106
2670
30732
25107
14343
1941
29400
14640
15333
9321
31146
3093
28221
12075
32514
25422
12147
15225
23262
30714
1707
24441
18222
16116
3426
32523
10428
12570
15621
32145
11472
528
528
20463
5136
8106
16125
3093
27123
27141
13371
30318
14613
26160
1932
30921
10824
11508
30057
4632
771
3336
26034
12561
14712
21624
8250
5712
21462
26610
23811
30354
17124
21426
14721
22173
21228
25260
12516
2625
24243
1482
4515
29040
3309
21363
32271
6423
18132
23073
31506
4218
22740
20580
3318
3039
18330
16215
15117
3651
18222
20391
6234
16251
31461
20337
26124
26115
8007
31155
12066
14541
3831
20805
15441
12606
10806
3561
31245
21318
13452
17421
31641
5109
24252
15090
30093
21228
32046
14604
14334
10761
1482
2625
20355
22353
10293
1563
27321
20463
32226
25620
2139
690
5532
14550
20526
21543
14262
13407
17520
20238
13704
6450
25233
22443
11247
24171
14523
20913
18240
22632
13803
32604
3903
1770
6441
24612
2670
10167
8160
19212
24117
573
22902
30057
30129
2922
20760
3921
26133
27330
28041
31155
24540
31461
6612
22218
19131
27123
10482
8700
31065
23532
1752
30633
10176
31623
20481
24216
21354
5226
5433
6900
4074
3282
1626
23082
13335
4362
20175
25314
2607
13245
24621
7611
24423
10680
12444
23271
17016
4452
24234
1626
15144
20373
2715
6072
6540
14460
13245
7251
1546
31633
12760
30148
4912
1915
22255
3742
9421
17530
4372
2545
12157
2491
25315
10915
26260
943
628
6811
12274
26611
14560
30175
3832
5722
4750
11833
20842
20851
11707
3292
1924
1627
11635
22741
3445
5209
12193
11554
29023
13165
952
31453
20149
31750
21229
9313
15406
32146
17611
18043
21409
28402
20383
23407
22570
15145
17107
31741
13543
22813
23290
20194
31930
23326
8116
10951
20608
15622
8260
28411
30076
4084
7171
13705
23281
17260
23380
17431
15145
10195
17125
22129
29122
18250
13642
727
10951
7441
27124
1339
6550
26701
4075
26107
2554
7720
10708
15415
4345
9232
28051
8503
24370
23038
8125
23713
7270
7054
15262
22336
23245
10447
6064
9601
10843
25135
3760
15082
17350
1366
26053
9412
25423
23155
14146
23614
14047
18133
32506
12274
21238
21184
5227
31165
2815
5344
1933
6046
22174
21823
25072
5821
22426
26134
20626
16036
4246
5416
4705
12382
30814
27700
1276
25603
22471
20482
10663
4291
20671
31426
17206
21634
21292
25027
14812
15370
32533
26152
14272
4444
24028
14902
5137
25342
15190
26017
12625
31723
26224
6460
26260
21535
1717
7162
7234
14713
12508
23425
1825
19312
8107
15055
20356
565
24541
13336
24019
30337
30472
6541
18115
5821
21265
3184
28240
17035
15127
19501
4750
12229
20851
28015
2815
24037
21085
5119
25306
25162
1771
11347
1528
32362
20392
11662
29221
6064
30634
22345
12292
16090
24307
4084
23263
13930
25522
1447
10555
22372
27502
10258
10816
11626
22336
1528
32380
30931
11149
7711
11347
11473
11860
30049
15505
15253
30562
12238
18061
16117
10393
13912
15433
30643
25162
23146
5371
22291
3760
22165
7540
6091
13156
1852
475
8314
19402
22444
3454
1951
32209
21805
14155
6640
22741
7432
943
3805
22237
21067
21517
16216
16702
15271
763
15037
7900
3445
12166
22444
21661
11149
16081
28510
22831
30382
6910
19420
3913
25810
30148
30265
14902
2851
20158
20770
754
8080
30283
10285
18700
6631
1924
5416
1807
32182
26512
32074
31552
9223
2923
9034
22318
17233
23533
11176
25045
15712
5542
21364
11158
21580
30238
5470
24271
17233
4750
23650
27610
25333
2257
12706
18007
23092
26206
7603
21229
4732
31480
24901
12319
7450
14164
8044
7531
10258
21382
23290
5191
14443
1654
5506
20284
32173
30742
583
2815
32425
10474
15505
16612
592
16360
30580
21841
27151
26260
5560
22750
16423
6118
21724
10357
11455
28042
21337
15811
5047
12733
1348
21814
6190
32128
26053
4813
22642
1735
12328
10276
31831
30571
9133
5281
10807
3256
2734
709
15802
12931
27043
10285
31426
22525
24370
10681
1663
12634
5038
24082
4327
11833
3454
259
12472
28501
2572
23821
12193
2257
28213
21184
14722
26350
12355
9601
3625
19141
15370
6127
32119
6190
15460
24118
5722
32182
20770
27430
3517
6172
8026
6424
14119
32425
31219
10168
2725
22912
24028
15802
32209
18025
27007
32353
10654
23623
2662
13192
24208
21346
826
31417
3904
28213
25162
3526
16405
10555
20509
10861
1267
3751
21724
23542
4255
24604
27124
16333
259
7441
22912
10573
14605
18061
31561
12490
3328
23245
18610
27205
32407
15370
22363
21184
4381
5920
21913
12517
11293
17206
88
14218
31219
8431
31543
11950
8125
19105
17107
1537
691
18403
4651
21256
8611
29221
3148
15343
12670
1465
32407
3580
3670
13444
32029
3652
26431
31066
13345
24514
763
28321
10906
6334
13093
10753
16234
484
10591
13525
20671
11455
31417
16225
21157
22336
12481
32524
21706
23461
2095
11383
7720
21562
23335
23209
32371
2914
655
3850
21562
268
12076
13444
29042
4733
21590
12455
27170
11186
11753
20537
4157
7523
4562
20474
3815
9314
23327
21671
16217
20663
31463
27080
18170
7118
845
12473
17135
26126
32624
24407
4346
14651
1538
1970
11771
29213
16811
5606
26018
10268
32606
29105
27053
23147
25820
14507
8243
6227
31148
16541
4337
24326
32057
24308
24056
16118
269
13490
7604
24290
29033
21617
11807
12365
5660
1457
3545
17135
14723
13490
7604
23165
24227
32372
3338
14066
14345
22166
10466
7172
4580
7721
30059
24353
12293
14615
22715
16244
32444
9512
7901
31544
15452
13454
24245
8153
30383
13931
8720
12626
16028
15821
20078
12455
2807
22490
7136
31634
3455
21518
28223
4508
30437
5750
8090
7406
3068
24353
29510
31256
6731
14840
31274
6209
32633
21860
28223
32138
31238
935
27323
23183
3734
1925
6731
11483
17054
5651
20735
7514
24083
25253
30293
8171
5750
11960
4265
10178
2168
15632
7271
26126
25721
18125
18341
11825
9251
14363
17252
15416
19412
18503
8045
30185
12644
4580
27008
377
9161
11159
5408
30284
18440
22229
32525
25316
773
12437
9314
23525
30554
29240
30932
22490
20159
7640
31490
6533
3239
27512
15137
17063
13265
28070
21419
1448
16280
13652
22355
13580
21086
10925
2429
15812
3527
28313
4391
7208
15722
17432
7406
1439
4139
12581
8351
1763
23840
24182
12455
15605
8360
19124
27350
32075
18413
4931
20807
1754
26063
32327
28601
22850
12068
4472
9260
2663
6038
2258
5651
7811
23336
22454
17342
30509
29213
31184
1835
31391
10556
6272
30716
31274
24146
2186
20267
11456
15713
12239
5075
24209
17720
827
27602
32471
30527
30338
18008
17612
27602
31913
29204
21374
8414
4670
25316
26900
3572
11069
5138
1268
10844
13049
31805
24065
25442
16163
10970
10844
8324
10574
4319
12725
32705
6272
22823
5912
11672
5651
16343
11159
3815
917
20456
7613
14615
4841
5417
12572
23552
4508
6146
7523
12275
11267
16028
6407
24335
15380
31283
32606
7055
2609
19205
16145
3059
1088
25316
32048
26009
24272
32048
24191
8360
9152
3266
3554
13175
9107
13337
22571
31724
8234
15290
32651
19601
10466
10925
20528
22832
14066
6344
30149
30581
6191
24515
10538
21563
15812
5714
23624
30833
32570
6038
1655
26324
14462
21374
25541
19160
32255
16208
14426
7262
25532
2357
31418
20159
32174
21419
1268
863
11393
11096
23705
14642
13472
28223
32237
12158
30752
26423
26162
20465
24722
5525
21293
6038
26630
3293
31094
9125
6065
11447
32093
9341
15623
8405
20609
8324
1727
5831
5138
20825
26153
23390
15281
29411
7811
12941
27161
1655
19232
23273
4364
1862
5363
14633
4409
27251
3644
25343
14246
26216
25352
30095
773
16334
16811
17405
2519
14381
1466
5741
13940
16019
17252
19601
27224
5084
12158
12527
15281
2645
12392
26504
20537
8324
21293
24083
24290
24524
17153
21374
10745
8513
24155
27422
485
3617
24407
22760
20267
22832
8144
14471
27530
7262
21653
24263
5246
18026
8117
31139
5174
7253
12464
13517
9503
29141
15137
1943
14624
14552
21284
6164
8072
3671
4715
14606
3554
12536
7091
17540
23318
5093
24740
14255
12833
25361
28061
18035
15038
16235
23750
5084
14336
25631
24209
22085
5345
9053
3914
11942
32048
12716
22409
15290
15407
28052
7262
8315
11915
28520
7406
6902
647
3527
27152
692
25190
16226
4229
10790
21617
27116
18170
24254
26333
2438
31175
14318
24272
30806
21545
22913
1925
13139
24560
22148
19511
27440
28304
32174
30905
23192
6704
32471
30833
24380
2474
17441
4940
7730
26072
22139
6533
1286
32525
4724
8252
14804
5732
1187
15290
656
20609
26720
5507
29132
22427
5705
11906
14309
1790
11258
692
20366
8081
23714
30518
5471
23831
3671
1565
20654
15137
7028
27611
23930
22085
10637
1637
12734
2942
23714
8522
16406
4940
1916
1259
2483
27602
12356
29204
6461
485
25631
17207
3716
4346
20645
13472
13076
11681
3248
4193
17117
11465
22850
10961
3338
3644
12158
467
20474
9503
20834
10808
10943
8252
6209
20781
3465
13239
13509
4248
5436
32391
29700
21168
21726
11538
3636
6354
12771
21375
21474
31851
24075
28026
18720
954
32715
288
23805
6426
12276
30708
10089
24084
25128
13338
4464
8631
22662
23409
19035
4833
1890
16641
6444
9009
684
23535
20736
31680
30870
32364
30753
4734
15174
369
17451
20727
3195
28008
11574
22338
17730
1278
5193
5472
8550
1692
20187
468
10764
15255
30672
31329
3753
18135
2538
31185
23355
21267
15741
1881
14463
28251
25065
12384
31077
17064
16191
5535
10755
17253
26154
20448
22356
24372
25524
10773
10539
4167
23562
846
2790
18018
26343
27441
22509
30573
27432
15255
17505
21726
22725
31365
19323
15390
21960
21276
23283
27531
32184
1494
14481
1926
17235
7164
19206
6336
6561
32724
22284
19512
30771
25254
12249
16461
22428
6723
5850
20556
10584
27117
15246
12717
6651
8172
30906
25290
24129
30528
25191
1818
5319
23256
10845
9324
28116
22590
30339
28350
24534
23850
32643
17118
7254
17442
21735
9081
28224
9711
10548
15183
16641
27027
19314
9090
23922
7605
6831
28503
13914
23535
22536
3609
7326
26217
25434
16218
24435
21447
13365
5706
24813
1935
25542
1539
4167
23076
32382
32544
30951
18540
2286
28323
10377
20790
7245
2088
12087
2943
5049
16434
5256
25065
12843
4536
22815
1818
23391
7038
10485
2178
30960
23085
14526
16281
22482
6705
5175
12537
14625
5454
13518
28134
25128
14256
16713
15264
23355
13653
20259
19008
15138
26226
28251
7056
3780
20583
3078
10449
12249
29421
22608
13419
32652
25560
17901
189
5553
27711
19251
2565
24336
32517
15282
21762
30195
27531
10287
4806
19413
23481
20925
28611
8514
10647
2277
30807
3339
8901
14670
20448
13851
29052
15147
21735
6219
792
15075
15615
31923
2097
28350
19224
1278
12393
10485
17802
16074
13509
31464
25605
29511
23724
25605
30195
17073
297
693
13428
8046
24408
20268
26811
1908
2943
11367
3447
1737
30825
29331
23931
2376
12546
4617
27252
27225
14409
30519
16812
29313
31068
21465
3429
15444
13851
17271
13149
29610
24237
12537
5715
25128
14274
5760
99
6345
22167
14373
3771
14364
13833
30744
25812
20169
2295
8361
28710
7128
5841
27261
20718
16344
1881
8514
1386
30843
4941
9531
4770
15165
9252
4860
10638
189
15822
32544
990
25812
12735
32094
25722
21465
13392
23256
16038
13716
6048
16065
12924
3582
9072
31248
23643
10557
15561
32607
4617
32652
25713
13716
11781
6219
25452
28233
8343
7137
6813
2574
10872
2862
4680
26613
27045
24390
22167
11619
4509
17901
20565
2466
13608
2880
14508
16128
28125
11736
23292
666
32661
32670
8613
32490
9261
21078
24750
27432
2187
6705
30555
24147
19044
13293
6372
5058
4860
23742
29115
1539
15543
15264
11493
9135
11376
21564
19215
7452
9270
26721
11754
11763
3537
15471
8235
2529
13257
1827
10935
6129
19080
19026
27171
30393
5436
20547
24390
25380
12618
17262
15813
24192
5517
20394
26415
13194
21708
3834
17604
3915
3546
26271
19413
20493
8217
15084
27216
16911
12933
387
22851
27450
16317
9180
23454
4662
1575
12258
14643
1836
18135
7740
13509
30582
14616
19602
28422
22860
32706
26253
846
3276
29421
17334
12294
2088
30906
11592
22716
17541
24417
3375
23445
495
30168
21717
9072
23058
6327
17622
29151
8055
18810
1458
30816
3393
12654
13635
32364
17253
1908
6336
1476
26343
23760
6741
30654
10737
20556
12438
16290
3591
27621
28134
10746
22383
3573
30906
11385
30285
18333
20727
7551
29007
18621
24705
30168
594
1827
18036
21069
17226
9405
8505
14058
29007
12069
30591
32058
20943
16281
24642
21267
12078
1683
25452
23175
19611
22194
20178
24705
15273
15606
27504
25191
5094
378
20664
13437
16731
7470
6615
28053
30096
31635
26226
24057
2718
15183
31149
28440
13590
8703
891
18630
10980
21528
25236
693
3843
14535
18423
23661
2718
20259
1683
29250
2466
12825
19161
20538
21555
16371
23166
7056
12249
10827
29313
23670
21753
22266
2556
12933
3690
18108
17244
8352
11367
16704
1728
22086
5427
31626
22716
10809
28044
3348
14193
6840
10287
17460
5643
2088
8217
26424
31833
10467
32418
13950
10935
30393
21906
5418
4059
675
16218
31347
20169
684
20736
14265
14427
10558
6724
15724
9190
22186
4447
18721
17803
658
9118
2944
13285
30259
9316
32581
30169
21862
25606
26623
8245
24643
3394
14662
32662
30943
14419
10855
13573
20944
23194
14464
13438
2737
25264
8380
3817
25219
22159
21367
6850
14428
15472
13762
3565
14518
21754
30862
3709
7804
23158
12448
26308
19522
21538
18217
21448
24049
19531
1882
32482
5158
7750
16624
23743
19072
10891
21376
17065
26119
22861
18154
2809
25633
11647
5950
21457
568
1954
19072
7813
8281
11755
12493
10819
14545
15346
15706
18127
5752
10882
22483
9514
14815
6562
29071
15454
18613
13573
27073
4591
15094
20485
12907
29314
5707
28009
17209
32176
16840
15346
20386
7093
18190
4816
24724
27532
15175
19351
8290
26029
17461
28621
3916
26182
26362
12088
27037
3187
18361
22942
16840
5932
18604
1576
13519
12295
30556
1936
18631
13933
10585
24085
13852
2368
9505
18424
27523
28540
31717
21718
12529
16282
15625
24355
2737
10396
28441
11593
5491
22348
24346
18064
21448
29053
8326
4654
10909
3196
27352
17632
12709
26632
31825
7129
13465
24544
6850
30538
31447
10945
3529
21691
30574
16345
13186
23941
4474
31357
6157
24526
27091
25516
32482
24247
16282
12295
16552
26632
10657
30079
30466
12808
12844
11872
21547
19252
11638
26605
26803
15535
25615
1792
28522
15463
3592
28630
22762
21547
28900
21907
14581
30664
4195
29170
19711
29521
27703
5284
5059
31807
8092
13285
15319
14536
31690
22816
29260
8272
21880
30439
17371
16453
4591
10684
19900
23851
20917
31942
28504
28540
17731
21358
6139
18613
9370
25903
30916
17452
1981
21763
11845
25318
15760
17713
20476
18703
28603
3196
17227
5446
18028
19801
2647
28180
19405
17290
7075
13717
12835
32356
10756
6427
29260
28135
4546
9145
12187
7912
29350
16561
31339
32707
13357
27037
25822
10765
18334
2980
32581
12358
24229
10747
16741
20944
6238
4285
25705
3565
21871
13870
5293
30439
11197
18064
21457
28801
25048
17911
31168
7372
24652
11980
14437
32671
11458
766
7633
12619
23833
22195
30736
14590
10468
20476
8056
25066
25705
10666
30475
1594
31672
3925
15814
16714
23671
15733
4690
5536
3169
17650
29116
25318
18136
28315
12673
14932
8722
30808
19090
26740
25264
10198
13924
12817
2593
25561
31627
23365
8911
5725
22951
14428
23392
8344
28027
31744
1864
12259
20566
6490
21817
14752
12079
27442
5158
14824
22663
27541
27451
21781
27505
31807
31744
17236
8803
8182
9730
3547
6292
2269
8029
16255
24616
2377
30628
6085
27415
28054
21439
2971
3637
13384
18271
15292
27901
15355
10378
25624
18424
21493
1927
12097
16237
24472
22177
3592
29710
6733
5842
838
17623
5635
12637
28621
26830
4681
30448
21295
31708
2782
11827
31654
31870
748
22195
5716
17137
16129
12376
26542
32257
20089
8722
26173
1675
20278
6922
1828
9253
289
1774
30565
6652
13465
29440
21727
14248
4186
26281
17524
22294
14077
5662
31348
9451
11656
4951
22249
14248
22276
30268
31429
6823
5086
19801
23248
27109
17641
28522
13843
3637
16048
18190
12628
21367
12637
31159
30538
8380
27109
28162
8551
5275
9091
4546
14932
2872
8146
28603
12628
8731
14248
4609
15760
12826
21709
31843
7435
14185
14086
14473
20449
1954
13627
11953
15229
8380
23815
27091
15238
32707
31258
7516
23239
16804
16633
17902
10396
3079
12547
25561
23941
30682
23725
17182
31762
30088
18370
28423
12529
12268
29323
15355
19207
17245
29152
26425
32662
25345
23635
17830
31276
21970
6490
1396
21196
7462
3925
18352
29503
22708
6508
27730
21358
14329
20656
28252
6193
397
18352
23455
4429
25471
15940
9523
14095
28630
30583
28315
11647
7741
28432
3943
658
10639
18631
23572
25813
11836
19810
18442
11395
10189
16336
20278
26074
25750
11773
27064
31591
17362
7273
19135
24508
6382
10648
10468
7048
7507
11728
388
21286
7372
6508
23266
31375
6463
3187
874
20359
15238
26641
26821
13357
22492
7534
17056
1549
1990
2845
26434
14923
22492
16327
17713
4564
30556
3772
26443
10459
1495
27370
5545
27550
18703
2548
19801
11881
24382
7534
6067
16534
4852
8434
7237
26830
31655
23168
24833
21683
25391
15905
8363
31349
17552
28532
26705
5519
19154
25643
893
3872
10298
25472
14753
11495
839
12296
20972
6860
28442
5177
8552
17525
31736
31907
8327
8930
24572
32528
17552
25391
14726
19406
17093
18227
32735
16139
5717
20666
26633
19271
32555
18434
14780
15707
7085
31547
12494
16337
26444
29720
4088
29144
12368
17723
19127
6365
19280
22925
6923
26048
11837
18740
7328
10748
26912
21188
8714
31754
11369
20675
24743
6608
14663
19514
4907
28703
14096
22187
10883
5537
11684
8174
30386
27236
27830
16139
16715
13763
21980
9227
8624
30971
26633
17264
26615
497
4682
2585
24707
12197
13826
3449
14708
15590
17408
5906
23681
9524
14078
11576
17624
23762
31907
21926
28235
28208
9407
28532
19019
18461
12890
29171
488
8831
16256
18281
26255
22385
6860
7373
29621
25922
21098
6149
6572
6716
16922
1568
32168
25184
25058
11585
25535
17525
28901
16085
15347
28082
25328
21881
26264
22619
4718
25760
13196
18614
15842
3935
12629
19037
7193
10955
5096
22826
28451
22619
28433
14186
6923
28622
30674
24149
6329
3566
25445
26435
27065
15851
14825
6149
17282
6167
11558
9515
11738
27182
16634
23753
24464
16760
8804
398
24455
18551
695
20189
31565
13592
17192
18335
27290
24671
8237
22808
31196
18920
15149
15257
8075
9515
20855
32726
18074
25805
19217
26921
3359
5456
26363
17156
23960
15185
20783
14771
2927
6473
18182
6446
6491
15653
11684
13790
27416
29801
4961
13178
9803
5555
21476
28091
2774
17723
26624
28118
25508
20297
24347
20648
27065
28712
27137
27182
21098
5915
24473
8705
23186
7355
29414
23492
15374
3656
7184
29045
15338
8507
1694
24365
7049
14537
9551
20648
6077
28505
26129
19424
10838
30665
7274
30935
21962
16085
12755
19451
31493
14960
15536
31493
27263
22844
6824
13169
20666
12818
875
24608
8381
22943
18443
29027
20666
23717
7229
31844
30971
10559
26660
5771
9074
15833
12935
28325
27632
28343
26534
5249
15536
16274
16436
31934
3287
3179
2963
3719
16544
18461
14609
767
2990
19631
3584
6635
23483
32177
4592
12674
26291
21845
4565
1883
21935
27443
11585
19712
22178
17723
1595
4970
28343
5384
3737
27740
20594
27254
6833
14177
6734
17291
11945
23627
30836
14726
12737
9425
16292
1496
11477
27371
31718
30881
8246
15941
9290
2486
26471
4709
20576
2549
16616
30188
14924
18470
29018
3737
24176
1667
26525
12746
5249
32618
10469
9047
14474
13475
18443
16463
4826
24653
6464
22466
11891
25283
13790
8732
13772
28019
30665
29126
27038
26705
25760
32195
30395
19460
31286
19154
31376
16139
28262
3278
31880
26804
12593
7481
1775
8480
9722
17192
23546
21098
893
23834
23258
479
27119
21827
15581
7391
16742
17831
28406
1847
4745
13682
26363
8606
6266
18470
7283
20666
20288
29108
19109
6851
29153
20990
31088
15635
4493
32537
32528
20945
14852
15941
18902
28262
25094
7148
6932
25841
17327
23195
18038
16139
4718
12809
3917
1892
7328
30845
4169
6932
8930
28082
19046
3557
19172
15275
1991
9425
21881
4583
28433
5348
6266
22646
2792
31826
17480
27038
17633
20189
7373
28703
23906
18245
16238
9344
13817
31934
29081
27560
7544
20747
11099
21197
12935
31754
13727
32609
31556
7670
5249
15266
22574
21476
20279
7616
9029
6617
15851
24644
2819
16760
23375
12782
3728
30548
16193
25616
25544
29063
12728
32627
29081
15248
30836
21548
5726
25436
15923
32591
27506
12287
24815
27272
30953
11918
2792
3818
9740
6923
31673
2594
17651
13367
7580
3935
11495
5537
24626
10991
11909
15257
14762
20864
28541
3872
5465
10883
3548
17615
3845
17282
23267
6824
12584
32663
10946
11486
8723
839
7544
25706
8741
7535
30476
6923
28253
4664
28703
7058
13079
14771
21665
5447
27362
11567
10199
28145
24464
1991
30098
30935
19127
21575
21890
6708
24546
24474
32097
5538
5259
15834
1479
14943
23673
3954
6438
6654
30954
24870
25248
26634
7239
30648
22296
21792
11478
6582
16257
19812
14439
21486
2676
8652
12747
26841
12693
14196
22197
30369
12891
23448
25860
6645
13485
23754
12882
15447
24258
8670
25455
2829
31782
29352
24618
4827
27219
8283
579
9282
14196
21459
31476
14907
6753
15807
5556
11784
25167
16464
16653
8922
5844
4593
14754
16446
26850
26517
21576
16806
19254
19551
29361
30693
29361
20577
8526
8148
7833
29073
23646
19353
29334
18651
19821
5745
30189
6339
29343
18516
31089
28704
29253
29082
27714
786
22917
24816
18345
18318
28614
24195
29541
27813
13818
27633
32277
23754
10938
2964
13458
31098
4287
9741
10794
30567
13476
18561
6636
8247
18129
8292
11991
16671
17427
8805
27930
26058
22539
9228
5970
25824
31539
28803
3396
17616
28182
4683
28290
12567
31584
21567
14376
31197
19056
26346
8823
16590
16626
3684
11397
10974
759
26364
29145
597
28074
15384
31665
29235
15546
8706
24393
4638
6762
32736
21909
17049
10677
31593
16923
15618
31647
13647
3396
15492
31818
25770
14817
25419
13584
4872
28290
22593
5538
22197
13917
12936
21846
9345
23592
11874
19074
25680
4485
9156
17832
7905
20595
2649
25086
4287
17922
8850
9714
8643
18075
19533
24087
5646
5475
5187
2829
7185
32439
32718
27390
14835
12891
16338
23277
22278
1848
27732
29613
13854
30792
23259
29271
28470
8454
2865
32196
22593
13746
14790
27264
9930
22386
18147
29901
14844
5565
14565
27048
31467
6546
22638
25347
26463
14709
4188
21954
8616
21963
16257
4278
15573
31719
6915
24474
5097
27372
20955
3855
9561
5808
27606
8184
32169
19290
12279
23655
2883
20667
3936
20577
26742
1677
29091
10677
17670
4719
12549
1758
7419
5907
16941
28074
11838
30837
22971
12189
10758
4944
17940
14286
1695
30990
25851
17076
17913
3666
28074
9129
24834
16491
4872
15258
8346
23088
25149
19911
3495
8166
22566
16833
28245
19443
23952
24429
21873
2775
24069
26841
10929
14736
11568
29271
8256
13917
3585
19047
2397
12729
24348
25518
31269
3558
27318
11874
23439
7950
23961
13179
7518
27660
2658
9462
16158
12855
1776
26814
18174
29703
4665
17841
32637
29235
32358
8724
25167
24942
8373
4953
10893
27804
17571
30666
2883
9273
26850
25293
26067
4179
31809
786
32628
9354
6366
12594
32268
16824
29334
7491
8526
10389
31629
25491
25824
27624
13629
25428
6483
24537
20199
30774
5646
21945
20784
31458
9048
3873
27633
8553
4827
17436
13296
17508
20649
1497
22638
24618
30585
18237
4287
28227
26292
4566
17148
1866
10668
32592
7473
4809
27273
27147
4836
9624
4638
13971
8256
5565
24555
669
20289
13269
15780
16545
5169
4458
6249
13953
26418
7572
30792
31665
14619
24393
29235
23826
29910
14268
7545
7815
22755
5466
28641
23196
30837
4755
23646
28128
21756
17508
18444
2199
27705
27165
25734
22908
19281
13485
6582
24591
13584
25608
3576
4854
21945
20838
12927
4539
26706
7590
28164
12729
13935
15717
28047
20829
14439
13773
21828
5268
23277
9354
25815
19623
12549
5844
1677
15447
5754
25095
3198
9507
10677
8445
6915
31098
4449
5943
11829
1587
19029
3297
768
768
32295
28029
24906
12864
6258
31863
17922
10677
14709
14394
14790
23817
9507
4575
12927
31395
18534
14295
6366
17157
18840
28650
13458
27822
6618
13359
12837
13467
5628
25923
21693
18633
23592
21378
8922
7266
30783
23718
26814
7239
4728
15249
28074
8490
9921
30873
30396
6816
26913
27327
2946
5934
3477
22629
2469
25329
6834
13971
7158
4098
1587
25239
8472
18525
27651
27831
12675
10866
19362
22494
32655
23934
21396
28119
489
21738
18822
22593
13377
17553
27444
2469
7446
4629
24168
18651
28317
3477
30873
17049
23826
28137
28731
17454
1866
16626
17157
7761
8535
7491
5547
5385
6816
32745
9318
4638
18255
25563
23844
26913
7905
23556
23529
31539
15726
21289
4099
17752
14179
19156
13837
11659
30838
12946
4468
24727
7528
16843
26905
17590
31099
24592
27760
8644
23791
29704
16924
32764
13675
27157
19615
9850
18238
6763
27085
10597
5584
15376
24169
14854
2695
9535
23791
16366
2839
22675
8545
4756
27184
8275
8383
16807
18706
32737
9463
20686
27625
22990
24196
4693
19066
6673
25852
6538
21478
18616
25069
15907
1588
14935
13927
27148
12937
6097
9832
5881
5584
2695
14737
13882
5809
8383
30388
14962
16339
18913
14881
14890
26068
23566
25960
23638
18085
16933
22549
21496
28084
9526
7285
27085
15718
1849
17437
32629
6862
20785
6655
7438
19606
1885
32557
6817
10795
5728
15790
30487
29560
25636
16735
18382
18337
18625
7636
5854
22675
15862
16519
9193
20488
13855
24925
6646
16591
25951
30568
5872
26824
10489
27256
25645
19264
24277
18319
20893
24484
10678
21685
30586
18373
19552
9364
24565
25573
8194
27238
31918
6619
19039
18571
7195
16474
32629
24484
6826
8419
17860
14449
8491
18760
29065
25807
5584
9166
29173
17347
32719
13963
19093
26176
6862
3379
6493
21595
28804
18058
26518
23773
24169
27283
5566
12892
21649
16717
5845
16825
19426
29551
19480
21658
32692
18490
30856
8428
24745
11749
17554
5764
23971
7582
5494
27580
4693
3469
28255
12559
7717
32179
19381
15961
17653
18166
3676
27616
2839
9850
25834
1768
25690
868
21577
22828
30838
9625
30478
10498
10984
15727
29731
23296
32476
19552
12919
31918
15835
24196
22972
3586
19039
23188
8581
2497
20695
4549
3388
6358
22972
26248
32683
17464
30973
10867
3388
4477
29029
2668
12289
11299
7546
14890
31495
29074
13774
21793
7627
17950
29218
29812
4099
958
7573
13189
26806
31684
27940
24637
26419
4189
10687
1984
9616
8707
18238
6484
18706
15826
11929
15457
22549
29515
23917
18283
27445
8194
4738
15745
8716
15169
30775
10597
27427
7672
9085
30397
7285
6637
8329
14557
24844
27067
24727
32692
6925
2695
15574
19714
1588
24439
778
22567
18283
25456
17518
1993
21694
22837
3766
7933
25078
30856
8752
5089
18805
9319
31981
30991
23692
8563
19714
26194
31594
7492
9094
31468
28570
21991
25087
28318
15871
4639
23656
32719
26509
14458
32647
31864
23683
11857
11299
3577
17086
3487
21487
8437
18418
19093
13567
9508
7366
27553
9328
26059
7483
8257
25627
16519
24682
26617
30883
31585
18661
29740
9058
10876
5629
15349
21379
7375
26545
28822
18913
3856
24808
18634
26653
19750
27931
23458
12793
29236
19129
9265
10966
985
13648
3586
3964
14962
3919
17482
9265
18175
17644
25726
7591
21388
27841
7915
23179
6286
20479
31990
19606
14278
4693
18364
15781
28237
24970
11569
17923
29542
10849
7267
21766
8437
11875
8266
11785
3946
27085
25168
32179
8941
14386
22648
15529
13675
30739
24853
14890
28246
8365
26392
8239
26428
19264
9814
7357
21856
24547
28264
19372
18166
28642
4198
24628
16339
6439
778
7492
17374
5692
21982
18643
24961
16096
30883
19570
28066
598
26842
9076
4747
22495
8752
8266
20848
10777
22729
14197
26806
29614
29146
18823
25465
23386
21649
2794
23377
3829
3559
14485
19435
6538
6259
4882
8086
27094
14368
5692
5485
4855
21298
22378
14629
32485
18724
29182
19066
4189
28048
18805
30883
5638
25816
15565
19912
1993
24736
15385
18715
28318
22279
8653
19084
21892
25429
31783
30946
26437
8833
26914
6763
31657
17095
25249
32584
24565
8932
13549
9535
19606
4954
25924
4675
11983
3856
14377
23953
13549
18805
6844
2785
7492
679
23296
28264
27607
2884
4486
16708
14638
25519
28633
27293
1697
4919
17780
13487
8483
15827
19904
21578
12488
18086
21497
15953
14369
19724
8339
3497
12389
22946
14387
29723
27743
25547
7592
12938
21794
14990
17960
25709
31982
8168
19067
19634
18716
16727
23729
2678
15791
9428
17825
16349
15719
31577
17870
27077
8672
15791
6557
25547
9815
9770
16097
12578
9941
7718
13865
10679
16367
9662
29390
27644
6962
9815
7682
7475
32756
17267
27446
22685
32684
16754
25646
11777
25286
6089
21875
15881
9257
11957
26429
19652
20759
28274
19670
19814
17465
16088
9860
14099
13649
5675
8942
13991
30695
13739
27446
27536
17906
8177
14486
15890
17519
9275
12677
17537
13289
23990
11876
15296
26843
7943
15665
15089
9365
11696
24908
18455
16088
17519
13559
19184
23774
7376
7646
4766
8546
26645
24773
22955
24719
17168
16439
30578
9248
5693
23675
17438
24791
27518
5945
8681
15377
19058
8753
12848
3569
11957
28733
2489
23990
28454
3992
15458
23378
10697
6467
29426
7727
19445
19463
4667
29174
24962
2669
788
29264
8807
25358
26924
20489
26843
27338
14486
31496
23666
19490
31199
12695
7970
10976
7547
28382
20975
27149
32468
23639
4496
19481
30974
16808
5765
17177
5279
30884
4586
15467
30497
7349
24908
3695
14648
13874
27725
5945
7682
8636
8456
6881
11759
29408
23792
25790
15665
7178
18563
15467
14945
30479
32297
25385
7727
26393
18275
13829
18833
23486
23495
21479
31667
15665
5783
18662
28580
25547
12686
28391
23288
6359
29714
3929
25619
31748
6287
19616
26429
10688
26177
15098
9374
23954
21884
7619
25565
1949
4883
32765
32666
27725
2858
8807
9653
21839
27770
25547
20939
12488
21596
16565
24917
13694
29309
30875
27824
9095
7862
26573
21479
18725
16259
29174
30884
18752
4685
31928
23387
22667
29813
19814
17546
22199
5783
6575
4928
17906
1769
8159
27932
28652
9527
22496
2786
23594
8168
31559
27590
19175
25682
16583
10886
3596
25970
3749
29075
18158
17807
18482
8519
30389
10976
24773
21857
2489
4757
9905
7448
698
12983
18374
15818
4784
16448
18815
15944
9464
7961
5819
23486
9707
25484
7358
29741
21389
16925
28742
26555
30497
19661
9923
26816
14972
16916
17375
28049
18284
17942
17933
6287
24485
14855
6890
13784
27734
5792
8762
7448
19373
24287
24638
23873
22658
8672
29156
16952
13784
31478
25808
13946
13883
18509
26393
17708
13694
29372
18842
28166
21866
19913
22586
17438
6395
15980
14819
28841
30794
18554
14855
15881
30929
32729
25673
18392
4757
19472
19751
8186
4667
19337
28607
24179
17366
13388
30299
30947
7178
13793
7790
16439
14684
14693
31676
29561
17591
19490
9266
30974
7952
28184
8933
5936
27491
23396
13973
25367
24296
25529
27617
16835
9077
25880
27671
32657
25790
29309
869
4982
5927
5558
23396
8582
19670
21479
8492
32189
28463
16853
24593
8258
17438
3839
29831
15863
7619
15089
17861
19463
16565
23837
24557
25358
17843
6782
7538
18455
8177
16466
11849
28148
17096
23936
9734
27437
15629
30929
26807
27626
17762
29831
20795
22298
26528
19724
21974
17780
8357
28364
27761
6872
2885
3659
788
1679
19094
15944
24395
27842
15674
23855
16727
24593
30668
23684
1967
6890
8591
21659
24593
6188
5396
28094
8627
28751
23279
698
8339
22892
7277
13991
15638
9905
18536
9086
29444
11597
25079
8852
9275
14658
17457
22578
19851
18456
17781
21894
14883
27285
29472
31497
16782
23757
17349
8286
16962
3885
26358
26925
13578
16827
26439
2796
24972
32685
30498
6477
28761
23289
16683
30498
18627
19932
13776
22848
30867
31758
17718
3777
16467
7296
16188
18771
5946
27753
1869
25827
25269
17727
29643
5973
26484
24729
20967
30786
10986
28536
17673
9537
10698
5874
9951
17547
29229
12975
8394
9942
29562
31947
8529
8079
19275
14784
19077
10968
18294
8709
23577
29247
23865
20769
18519
24774
11886
8358
28815
21984
24828
27168
26781
7665
14568
8493
32757
25197
28680
27366
20598
25584
29616
16845
18249
14199
25926
16296
20877
29409
24855
13965
25791
19662
7926
29337
23586
24099
25395
13758
8835
23694
19464
28608
15828
26862
5289
24477
21948
9168
8934
9375
26934
2589
26880
5883
19725
6729
26394
28428
6558
21984
14838
9357
16584
21768
20949
18258
13686
26385
25917
8592
14694
19095
4389
6693
12948
6576
7953
27393
18762
6369
22974
8871
9546
2598
26835
15189
25296
19176
27465
23757
23775
28446
10797
7665
13497
30498
1887
20877
28149
16467
10797
28617
8880
30876
7782
14469
25188
18366
27834
6648
18762
4686
9087
15369
32487
12759
8826
20967
29292
24828
8493
27726
6846
22893
16944
19491
27384
24837
24387
25836
22956
27681
22929
21759
27825
28752
5793
23955
31785
27609
23487
9555
25809
7629
4299
12993
22668
24567
6477
22488
25656
6549
21948
8835
26664
26673
25656
15279
32487
3687
29733
15567
6747
20895
17709
6486
29445
16467
5829
8529
15639
19455
8925
13929
15675
21867
23856
18636
19914
24981
28356
25575
5937
24684
4749
14955
19635
15846
13749
28392
28842
28752
26790
9609
22974
16647
28761
18618
25458
5676
25476
23775
15756
6693
23838
12489
24828
23298
26943
19095
28275
18717
26781
7467
19842
29157
15891
29814
16764
7971
5694
6738
27753
19815
7971
25836
19923
27294
7719
19149
23946
25269
22677
6990
25386
5874
30858
10869
3939
29832
26637
18915
9429
21858
18636
25791
9762
17457
14199
7863
17187
28392
14964
15864
8394
20967
17916
19149
5469
6747
24387
32676
18456
26826
6396
31884
15729
3849
9492
25629
13659
29292
7278
9924
15477
6972
19770
18762
15927
27195
7728
29193
15729
9726
31686
27843
23865
15495
26385
9843
19761
31857
9159
23847
6459
17583
22839
12993
30876
15648
19752
26268
19923
19662
22659
26439
9573
29355
4596
5991
11859
13785
31794
27348
26727
24459
16575
7746
25836
11787
25674
21984
13758
24639
12759
24972
9834
22794
23199
29382
28527
19473
30759
5388
15765
26754
4983
25449
15945
24828
28086
32469
10599
16278
23388
25188
29427
25089
14676
25395
31587
8187
25269
24837
22749
24648
26565
3795
7809
30885
29256
7737
27870
5865
16755
16791
17619
21885
31668
20778
27663
22758
17691
8853
18087
26781
17295
28464
5775
25566
6675
9078
8907
12499
7549
19483
22858
32659
29608
13777
7639
25981
29734
25684
19645
21778
18682
18448
26467
6586
15955
9754
31786
8692
8971
17683
18718
19924
19582
5974
18529
13993
19555
28393
28672
27583
11788
8188
10789
5389
9970
8638
9277
28870
9781
16972
6478
7882
9466
16729
18826
26962
7846
18457
11896
32488
1699
7639
27754
4867
15991
14659
17377
5938
9583
32677
15847
26359
25828
26395
2599
22885
16909
7693
14893
9961
27358
9934
29284
9961
6685
29905
5668
17728
27934
17629
5677
32749
16657
31597
24478
2995
6964
28168
16666
24919
18268
7666
14938
9385
22966
9790
19438
26746
9916
4975
5767
6586
32686
27079
13579
2995
18655
29338
4678
25936
22597
24676
19168
21598
9079
11599
7585
18493
26269
28627
23965
31768
14398
6586
18727
5299
19951
26728
1969
6748
31597
29707
16972
24955
24937
28942
28717
29743
15676
5893
11986
27358
22777
8890
16387
6559
29617
15469
29554
16882
23893
19285
6766
31579
17728
29833
17368
29527
5398
12589
25846
6955
22957
16891
9961
16990
15469
5794
6685
13489
26458
28960
19861
14767
13885
9853
30787
26980
23668
26269
29761
15874
16594
26692
4966
19285
24892
14398
24946
4876
11959
19447
17584
9646
24487
15748
9088
28465
14668
4858
24919
14776
14398
13993
6676
6388
10798
27277
17296
26539
5857
18835
22678
17953
898
979
25594
32569
16693
12859
19690
15568
29815
7981
25828
17089
8827
25756
8962
23569
29383
31597
18277
6766
19195
25774
18664
24865
6667
31687
16873
17557
23947
10996
5488
8917
15865
23875
28366
17953
18538
26872
29617
19618
30499
27529
3967
25783
26890
1699
30877
7918
17746
17692
8935
29059
13795
5398
17584
19537
29086
31696
6847
5758
22399
7774
18178
12949
7189
21787
15928
6667
24766
10879
6379
30589
28564
17269
12796
4795
7738
13966
14893
28834
11698
19096
6928
15199
5695
8719
7099
28717
21985
14875
17575
23992
22795
24847
25990
14776
17827
6784
5848
19663
7666
11788
9772
23848
979
26386
17089
5857
28825
16576
7468
7693
32677
28537
15199
26809
26737
31588
29482
18709
28348
6766
7954
10987
22867
21859
26584
8764
28735
27376
28681
1789
19357
14578
16279
7288
14497
16549
20968
19771
27844
4948
14992
16099
27781
17683
5578
15469
8683
21967
13597
13759
5686
4489
32389
23488
18718
18259
31975
19735
16549
7783
27196
4966
16828
8890
15955
31993
25387
18367
15793
16828
18916
11977
32389
32668
18259
16099
16981
27745
9574
15199
25369
17773
22885
28366
24946
19078
8872
5794
22795
27088
29356
4678
26197
6595
19375
1897
19654
15937
16396
24199
24757
21895
7864
30977
5984
7658
21599
27368
28655
27944
21887
13787
16757
7478
15758
23588
28277
29087
21797
17549
19097
27098
28835
23399
22688
19736
4769
22769
27395
13976
27629
13985
32588
18386
17945
16739
27593
19187
9647
25739
24389
29744
19952
18098
16586
27818
17189
13877
28664
12878
18962
26756
8738
26297
17945
15677
28745
5984
19664
4949
18593
31958
24956
29447
28592
9188
18098
26792
17981
18584
15749
27656
23993
17369
24767
4886
26747
17576
12779
28745
16991
16748
27818
28646
19808
28295
8387
15857
25199
29555
17585
13877
7757
29276
25928
28970
26099
28583
29429
5939
13886
11969
7658
23669
26459
26792
16595
24497
16649
19466
27089
32678
7298
19448
12698
29591
4958
16469
11888
14399
27296
23876
32759
14948
7487
5939
9467
19682
27395
9458
26819
14867
28286
8729
31598
2699
25739
16937
27791
17954
28592
19529
29807
27953
18764
31499
8990
28286
13976
14399
25838
7469
32498
12896
29915
15947
26099
9845
9449
29672
29348
1799
27296
18863
6767
18629
8909
12896
18944
8486
24488
8738
18683
8396
5786
16883
14489
4868
29942
20798
18827
19178
29168
6479
9359
3968
8387
26468
13697
4985
7586
17882
26288
20888
29384
24956
29492
31796
6875
8918
29681
31688
16955
26396
26576
18908
11888
3995
14966
1988
5876
13787
24848
28196
29942
26756
27782
29249
23966
18296
11978
25847
15866
26927
18809
28781
27719
19097
28187
25667
8594
14984
26927
24596
27098
8684
29465
26909
8756
20987
9197
6398
19718
24668
26549
989
6767
28592
9782
30959
9566
29285
24992
8477
3959
1898
8828
17864
28736
18827
9827
17855
19763
27809
3788
15596
17945
11798
7793
23948
3878
1997
18584
19295
29483
7694
12779
32759
14957
28583
26495
8891
23849
16856
19790
18935
13985
21968
29681
28826
29915
12959
19718
25496
26099
26477
25874
27692
19169
27557
29726
21788
23849
28664
899
18494
4985
8378
17774
28862
18467
9818
19781
2997
28728
19854
32589
9990
13599
29358
18972
28197
27684
5994
9783
28791
18477
26658
7965
8595
19728
6894
29556
9198
18882
4599
16866
15678
29655
15948
24399
12888
8991
29916
28638
26784
19629
18756
29556
8928
9594
15597
8496
22599
13977
19764
27666
28458
27972
22869
17586
24696
27666
19926
16794
3969
13977
26955
9981
15885
4986
26982
20799
18666
8658
25794
9693
31599
18189
19773
19782
7596
7389
17757
26199
28476
14688
16938
14868
20979
28287
27936
27873
28692
28791
12978
4977
8919
28458
25893
27756
19269
13896
19593
4698
5958
7299
28827
5985
19917
18864
9846
5859
24957
3987
17388
23589
16983
26658
18585
9576
7578
22869
15993
29565
25686
23859
25587
6885
8838
29772
29790
7857
19467
17775
18846
19359
14697
19278
19683
26865
17982
20979
8793
9387
5769
15966
26928
28908
24399
26793
19485
1899
27189
24696
27297
9099
15966
24696
14895
17973
8937
28296
24597
5967
18990
6966
18990
25974
15966
19368
28773
27594
5589
29556
15579
21888
13959
6849
15759
18981
16857
28827
15498
13698
14589
27936
27396
9729
25668
24966
28782
20997
7668
19854
27792
19692
32499
21987
16893
5778
18675
18828
29763
27954
16497
14868
29646
18792
24588
3879
25956
18819
22869
23967
25785
9783
18684
17964
20799
26865
5994
29907
27918
31788
28953
28548
6867
28584
28818
26658
6975
29934
20889
19098
24948
31896
26847
19539
16677
18396
17199
5589
19737
28368
17469
26874
28962
19557
8982
23994
26559
9774
2997
15948
29448
4788
26946
16398
27837
28854
29556
19647
16983
26946
26919
26667
11979
8982
26685
19647
9567
26919
8388
10998
26784
27909
7785
28449
9963
20799
3789
8964
18738
25776
26919
27576
7479
32679
27918
28486
28639
17659
19792
27892
7768
27964
29494
6868
8884
26299
29458
24958
6868
7966
18388
27649
16696
27577
16678
27928
20899
11989
26857
9487
19954
18964
7975
26974
16498
8785
28945
29674
26569
24949
29368
29854
8875
25759
28819
2989
19459
23986
29863
6688
18397
22969
24985
28666
9298
29926
27397
16966
30997
31987
25678
27595
14878
12889
18595
28297
8848
29467
9676
1999
24868
31888
26758
27577
9487
9964
27667
28765
22798
24778
13888
15967
18775
16876
9658
26578
9766
23977
16948
17569
27559
18838
22888
27577
17929
14788
27892
7768
23779
8965
29935
16678
16687
8695
17668
17686
29755
9847
18829
19396
29881
31699
27478
19558
22978
14779
9388
5797
27982
24769
29197
27955
30979
21979
25858
17569
8983
25687
17929
8695
7993
17893
28297
29728
19369
29665
17659
15787
4969
18775
26587
9694
29719
7849
16858
27982
27649
28738
18667
4978
29566
27883
8596
28099
29647
24499
9982
19981
19198
29557
17578
19882
25867
4987
9847
32599
28396
28873
25867
9496
14887
16588
25993
3799
19468
15787
18298
27892
23869
29656
26758
7498
8686
27388
28981
8938
4879
16984
10999
17398
21979
19297
26947
27829
28963
17839
29962
20989
20998
28099
16498
19855
7975
17776
9496
19567
28864
26488
24796
9793
9658
8956
19891
27649
17974
5869
4798
22897
17776
15868
19864
28747
15778
24688
9856
15589
9793
26866
7886
6599
18389
25679
29891
29855
16589
19397
13997
16499
11999
26984
5987
25697
18677
27938
18983
28793
16598
15986
29909
4898
24986
18938
23987
17975
15689
29846
27479
25679
28469
26489
14969
28469
23987
28289
29756
9758
26489
11999
6878
3989
5987
19748
8993
23699
9488
19964
29648
16895
9389
8759
14798
27578
6995
19649
17777
18938
28685
28487
28856
8768
15896
7958
7886
29738
18848
18569
6968
16697
19982
29486
27956
29657
16769
27596
29954
7958
25967
7679
7787
27587
26867
17984
17399
14996
18569
9695
18875
9299
7949
28649
25589
19199
5699
26777
25589
29855
19298
14978
5699
24968
19685
8957
8984
27767
19793
18479
18938
19595
8597
16868
18848
15788
16859
25598
29288
26966
29981
26948
24599
8885
17939
13799
7688
15869
19919
19946
19289
18866
8867
16589
9578
9983
29666
16778
28982
7688
23978
28838
29873
28892
8399
12998
27587
8795
6698
18965
28847
15869
26984
27479
18677
9695
24959
18677
26588
25868
28946
18497
24779
6896
28577
9947
31988
25976
19874
19397
19973
23888
29972
8498
17975
27587
18686
7976
19991
18884
9578
22988
7679
17858
26679
18795
25896
26886
19947
18678
18759
9858
14799
29676
7887
9588
19668
28299
29397
16878
28569
28983
15987
27489
27993
7986
22998
19659
4998
18849
19695
28965
18786
14889
29577
12999
9876
9858
17958
17877
18588
27669
26949
29766
6798
15969
19677
29658
26787
27579
28956
14988
18759
6879
19695
29559
17589
9858
7887
28488
9768
29766
19785
19695
18849
19866
19785
5997
19974
9894
29478
18939
24798
29955
28884
16977
8976
27876
6888
25896
19497
27795
27759
25599
28965
13998
19659
18696
28596
9984
17499
26958
30999
24978
17859
17895
28947
19569
18588
17598
26859
24987
31998
8778
9948
26994
23988
19587
4999
19885
18976
18895
29857
19975
26869
29299
9868
29938
9958
24988
18598
27769
26896
24979
29767
24979
25978
28768
18589
29956
19489
19786
27967
24898
25996
27958
9499
28885
29569
29866
19984
22999
8968
19696
7879
19984
14989
29929
18958
18787
29758
17995
26887
29749
19984
28489
17887
24988
17689
8779
25897
29947
18886
27994
29578
28849
8896
28786
9868
29686
17968
31999
19948
18697
16798
28498
29668
18985
14899
16979
27986
19679
8996
19679
29795
27896
19958
26798
17699
19688
19796
29876
29696
19895
24998
29678
29849
19589
19769
8987
19688
25898
26969
7997
29669
28796
19877
27959
29777
8978
29993
17888
28499
19976
29768
26897
9977
26897
27689
19787
19949
25988
17879
27995
29768
7898
29975
18896
29499
28995
26979
28599
8799
28878
29994
29598
17889
19779
27996
28599
17898
9789
9699
26979
29967
19869
28689
8979
29877
27879
25899
28599
29688
9789
24999
29958
17889
29859
28869
27988
28978
29788
19897
29869
27799
28798
16999
9988
29698
27799
29986
29995
28888
29869
29959
28969
28888
19969
29977
19978
17998
19979
19898
26999
18899
29897
29996
19997
29789
29979
19989
27999
